0.033333       -0.093010       -0.068100       0.477640       179.790805       2.985943       -1.678818       
0.066667       -0.093089       -0.068247       0.477721       -179.550992       3.508861       -1.561924       
0.100000       -0.093219       -0.068696       0.479024       -179.475252       3.320249       -1.513461       
0.133333       -0.093155       -0.069169       0.480483       -178.883413       3.790910       -1.359228       
0.166667       -0.093107       -0.069870       0.481867       -179.185352       3.630002       -1.194246       
0.200000       -0.093419       -0.071008       0.484761       -179.821053       3.573539       -0.998598       
0.233333       -0.093929       -0.071785       0.487217       -179.669609       3.659897       -0.782964       
0.266667       -0.094509       -0.072204       0.488829       -179.968271       3.764485       -0.567292       
0.300000       -0.095354       -0.072302       0.490685       -179.432432       3.919134       -0.396677       
0.333333       -0.096317       -0.072046       0.492075       -179.593213       4.046097       -0.316850       
0.366667       -0.097384       -0.071517       0.493439       -179.472019       3.876823       -0.282055       
0.400000       -0.098623       -0.070820       0.495088       -178.956633       4.129167       -0.275017       
0.433333       -0.100279       -0.069708       0.497035       -179.100770       3.997234       -0.369079       
0.466667       -0.101762       -0.068893       0.498435       -179.546580       3.799711       -0.558444       
0.500000       -0.103076       -0.068121       0.499490       -179.244228       3.693607       -0.424993       
0.533333       -0.104185       -0.067547       0.500752       -178.884723       3.669820       -0.313068       
0.566667       -0.104988       -0.067185       0.501619       -179.039401       3.635121       -0.192647       
0.600000       -0.105820       -0.067031       0.503250       -178.757752       3.539821       -0.049336       
0.633333       -0.106682       -0.067135       0.505280       -178.950863       3.284026       -0.081420       
0.666667       -0.107393       -0.067217       0.507309       -179.109026       2.981553       -0.180470       
0.700000       -0.108226       -0.067421       0.509858       -178.852587       3.088943       -0.132904       
0.733333       -0.109088       -0.067861       0.512539       -178.840167       3.243002       -0.148843       
0.766667       -0.110285       -0.068667       0.517113       -178.662935       2.941871       -0.193185       
0.800000       -0.111611       -0.069692       0.522253       -178.553356       3.067826       -0.158140       
0.833333       -0.114032       -0.071335       0.530375       -178.761015       3.151274       -0.306096       
0.866667       -0.117066       -0.072968       0.538340       -179.127046       2.902503       -0.491248       
0.900000       -0.120567       -0.074413       0.546842       -178.819269       2.989242       -0.758419       
0.933333       -0.124450       -0.075815       0.555694       -178.312570       2.949799       -0.858236       
0.966667       -0.128664       -0.077055       0.565244       -178.049271       3.195619       -0.947062       
1.000000       -0.132950       -0.078168       0.575616       -178.168446       2.989468       -1.156588       
1.033333       -0.137427       -0.078980       0.587003       -177.820041       2.823188       -1.140192       
1.066667       -0.143220       -0.079684       0.603675       -177.520108       2.370629       -1.068739       
1.100000       -0.147804       -0.079886       0.617467       -176.893912       2.694814       -0.947763       
1.133333       -0.151978       -0.080157       0.632833       -176.582339       2.001274       -0.876569       
1.166667       -0.156237       -0.080549       0.649201       -176.163286       1.552152       -0.734107       
1.200000       -0.160077       -0.080598       0.663094       -175.789636       2.392423       -0.411653       
1.233333       -0.164646       -0.081190       0.679947       -175.785064       2.107294       -0.381733       
1.266667       -0.169339       -0.081628       0.696388       -175.451285       1.781804       -0.234867       
1.300000       -0.175966       -0.082812       0.719805       -175.864222       1.251183       -0.091157       
1.333333       -0.181675       -0.083978       0.739369       -176.270803       1.100099       -0.025797       
1.366667       -0.186673       -0.085026       0.756974       -175.936090       1.115676       0.200650       
1.400000       -0.191722       -0.086182       0.774746       -175.425651       1.580721       0.423387       
1.433333       -0.196711       -0.087456       0.793097       -176.005357       1.778639       0.401545       
1.466667       -0.202080       -0.088804       0.813010       -176.362760       1.551529       0.343960       
1.500000       -0.208496       -0.090491       0.837561       -175.991361       2.162640       0.497615       
1.533333       -0.214297       -0.092095       0.858582       -175.855399       2.662686       0.785031       
1.566667       -0.219624       -0.093542       0.877841       -176.087129       3.180667       0.830491       
1.600000       -0.225022       -0.094758       0.896462       -176.260066       3.551391       0.741295       
1.633333       -0.229864       -0.095461       0.912681       -175.734795       4.573623       0.930390       
1.666667       -0.235315       -0.096317       0.931307       -175.904856       4.695683       0.863201       
1.700000       -0.243549       -0.097984       0.958520       -176.288251       4.331576       0.399938       
1.733333       -0.250738       -0.099573       0.982447       -176.315164       4.395120       -0.105776       
1.766667       -0.256878       -0.101664       1.004284       -177.221070       3.508046       -0.405070       
1.800000       -0.262041       -0.103286       1.020757       -177.373107       4.120579       -0.671873       
1.833333       -0.268898       -0.106019       1.044375       -177.179719       3.502296       -0.629993       
1.866667       -0.274045       -0.108007       1.062017       -176.085558       4.434502       -0.113214       
1.900000       -0.279432       -0.110365       1.079750       -175.961487       5.463126       0.023725       
1.933333       -0.285748       -0.113230       1.101833       -176.200948       6.154629       0.638174       
1.966667       -0.292701       -0.115743       1.125921       -176.032117       6.154012       0.828957       
2.000000       -0.299771       -0.117686       1.150270       -176.462557       5.314530       1.089670       
2.033333       -0.305225       -0.118885       1.168938       -176.618584       5.563792       1.381089       
2.066667       -0.311374       -0.120049       1.190110       -176.402274       5.362374       2.169541       
2.100000       -0.315806       -0.120097       1.204531       -176.216538       6.123562       1.985364       
2.133333       -0.323741       -0.121539       1.231829       -176.232091       6.486959       2.067685       
2.166667       -0.328959       -0.122525       1.248868       -176.126373       7.457220       1.591051       
2.200000       -0.336303       -0.125089       1.275364       -176.532958       6.744365       1.010076       
2.233333       -0.341980       -0.127337       1.295014       -176.514805       7.525398       0.746120       
2.266667       -0.348856       -0.130760       1.320493       -176.288348       5.784918       0.601396       
2.300000       -0.354173       -0.134441       1.341239       -176.701937       5.605416       0.412025       
2.333333       -0.360613       -0.139413       1.366828       -177.591269       4.391271       0.701886       
2.366667       -0.365341       -0.142931       1.385559       -177.106596       5.288034       0.975909       
2.400000       -0.371243       -0.146943       1.409255       -175.944542       4.685841       1.689942       
2.433333       -0.376369       -0.150589       1.430112       -176.226703       5.087523       2.157762       
2.466667       -0.379462       -0.152903       1.443270       -176.449146       6.476921       2.339404       
2.500000       -0.384253       -0.155718       1.460555       -176.431472       7.310482       1.938053       
2.533333       -0.389465       -0.159166       1.481078       -176.093482       6.263197       1.471573       
2.566667       -0.394477       -0.162620       1.499337       -174.892477       6.674951       1.386917       
2.600000       -0.402698       -0.167084       1.528863       -175.469568       5.131026       0.635266       
2.666667       -0.413552       -0.174274       1.570343       -175.502053       5.770089       0.103993       
2.700000       -0.417196       -0.178321       1.585774       -174.989488       6.626194       -0.038968       
11.866667       -0.445921       -0.157031       1.464943       -178.489386       3.335342       -0.098449       
11.933333       -0.453740       -0.146895       1.400255       -179.404784       2.693123       0.531934       
11.966667       -0.454827       -0.142527       1.366021       179.748858       2.258450       0.103327       
12.033333       -0.452945       -0.140376       1.338480       -179.091401       2.675700       0.489615       
12.066667       -0.450773       -0.139430       1.321031       -179.978701       1.965022       0.418162       
12.100000       -0.451991       -0.139726       1.316302       -179.599901       1.286547       1.292970       
12.133333       -0.450284       -0.139625       1.302803       -179.740062       1.521667       1.823204       
12.166667       -0.450038       -0.140578       1.293238       179.951572       0.878805       1.779441       
12.200000       -0.452464       -0.142342       1.290904       179.403443       0.436360       2.223426       
12.233333       -0.455574       -0.144921       1.288084       179.909464       -0.079496       2.807407       
12.266667       -0.459816       -0.147353       1.290759       -179.808431       -0.315302       2.895873       
12.300000       -0.461861       -0.148449       1.288194       -179.924076       -0.507538       3.033271       
12.333333       -0.463033       -0.148428       1.284222       -179.884841       -0.647456       2.934171       
12.366667       -0.466251       -0.148329       1.286650       -179.440990       -1.122039       2.720135       
12.400000       -0.468320       -0.147150       1.287093       -179.623396       -0.763880       2.376453       
12.433333       -0.468487       -0.144870       1.283666       -179.836188       0.688429       1.900643       
12.466667       -0.469931       -0.141275       1.284462       179.366520       0.190377       0.836208       
12.500000       -0.468564       -0.137282       1.278890       179.645544       1.563965       0.300310       
12.533333       -0.470939       -0.135006       1.285216       178.915781       -0.207254       -0.006668       
12.566667       -0.470557       -0.132397       1.284722       178.665680       0.309091       -0.146023       
12.600000       -0.470069       -0.130206       1.282677       179.421735       1.188934       0.295765       
12.633333       -0.470877       -0.128830       1.285023       178.318166       0.773870       0.097432       
12.666667       -0.470735       -0.128063       1.284706       178.377543       0.652968       0.189980       
12.700000       -0.469892       -0.127353       1.281474       178.566950       1.374615       0.436728       
12.733333       -0.469606       -0.127034       1.279729       178.673530       1.777743       0.234155       
12.766667       -0.470584       -0.127691       1.281199       178.232429       0.407633       0.476316       
12.800000       -0.468573       -0.127906       1.273913       179.056896       1.636923       0.584512       
12.833333       -0.470392       -0.130273       1.277052       177.970035       -0.242824       0.514111       
12.866667       -0.469093       -0.131728       1.273055       177.863410       0.027676       0.650977       
12.900000       -0.469811       -0.135512       1.276304       178.387789       -0.032945       0.805282       
12.933333       -0.469367       -0.138318       1.278041       178.706062       -0.189211       1.187994       
12.966667       -0.469344       -0.141595       1.281848       179.031567       -0.149412       1.532971       
13.000000       -0.467341       -0.144736       1.281787       179.986219       0.456819       1.843631       
13.033333       -0.465030       -0.147837       1.281198       -179.611570       0.826593       1.979832       
13.066667       -0.464401       -0.150487       1.285139       -179.390038       0.787965       2.194697       
13.100000       -0.459172       -0.151079       1.276790       -179.119148       1.550268       2.191618       
13.166667       -0.457223       -0.151387       1.280119       -178.986053       2.017907       1.906479       
13.200000       -0.457562       -0.151331       1.287462       -179.543044       1.094071       1.073309       
13.233333       -0.457906       -0.151094       1.293234       179.939498       -0.105043       0.187453       
13.266667       -0.456077       -0.149306       1.291491       -179.894761       0.572924       -0.178084       
13.300000       -0.451846       -0.146834       1.282013       -179.717640       2.508286       0.033357       
13.333333       -0.455457       -0.146120       1.292168       -179.541322       0.849791       -0.161400       
13.366667       -0.455323       -0.144370       1.289442       179.202635       1.385988       -0.567550       
13.400000       -0.456711       -0.142987       1.287740       178.674898       0.436120       -0.240396       
13.433333       -0.460418       -0.142979       1.290560       178.410722       0.023885       -0.282196       
13.466667       -0.460996       -0.141729       1.283204       178.851019       1.218323       0.317798       
13.500000       -0.462017       -0.140886       1.275713       178.641865       2.133272       1.030692       
13.533333       -0.465772       -0.140643       1.274106       177.931450       1.530955       1.370789       
13.633333       -0.474280       -0.143634       1.280960       177.951481       0.383137       1.689554       
13.666667       -0.480950       -0.146466       1.290601       178.239072       -0.386075       1.782653       
18.233333       -0.508196       -0.159766       1.326393       -177.815464       2.162279       0.675245       
18.266667       -0.506535       -0.160809       1.303760       -177.205857       2.973945       0.284176       
18.300000       -0.499715       -0.159013       1.275887       -176.184636       3.788941       0.221263       
18.333333       -0.490406       -0.156563       1.246030       -175.959312       3.330028       0.704451       
18.400000       -0.476423       -0.153466       1.206844       -176.551111       3.020964       1.589132       
18.433333       -0.464208       -0.151247       1.174462       -176.893525       2.928359       1.889489       
18.466667       -0.448953       -0.147735       1.135714       -176.769174       3.881777       2.392264       
18.500000       -0.438433       -0.145355       1.110011       -177.350329       4.256171       2.557652       
18.533333       -0.429290       -0.143290       1.087925       -177.524463       4.372911       2.478867       
18.566667       -0.422363       -0.141522       1.071317       -178.142295       3.658569       2.441560       
18.600000       -0.415721       -0.139624       1.055779       -178.375038       3.326091       2.409224       
18.633333       -0.407839       -0.136594       1.036446       -178.406521       3.938347       2.503543       
18.666667       -0.398513       -0.133037       1.014066       -178.767593       5.083599       2.256565       
18.700000       -0.389711       -0.129207       0.993121       -179.028592       4.942917       2.069468       
18.733333       -0.382132       -0.125995       0.974793       -179.304479       5.120297       2.131870       
18.766667       -0.377224       -0.123771       0.961870       -179.821460       4.408304       1.707713       
18.800000       -0.371988       -0.121272       0.943269       179.913011       4.924549       1.959241       
18.833333       -0.367932       -0.119326       0.925899       179.981595       4.855470       1.782528       
18.866667       -0.365614       -0.118491       0.912815       179.274213       4.120084       1.055019       
18.900000       -0.362661       -0.117722       0.897984       179.866001       4.284374       0.947703       
18.933333       -0.360072       -0.117218       0.880882       -179.968870       3.863047       0.493620       
18.966667       -0.358450       -0.117092       0.868533       179.421858       2.829178       -0.145170       
19.000000       -0.356284       -0.116551       0.856365       179.190309       2.498266       -0.480279       
19.033333       -0.353835       -0.115808       0.845663       178.999667       1.786654       -0.707473       
19.066667       -0.351045       -0.114712       0.835266       179.375184       1.902039       -0.861355       
19.100000       -0.347860       -0.113054       0.824942       179.836538       2.072666       -0.980891       
19.133333       -0.342993       -0.110017       0.810583       -179.833509       2.284877       -0.818957       
19.166667       -0.339596       -0.107231       0.800596       179.915730       1.799789       -0.922594       
19.200000       -0.336218       -0.104342       0.791139       179.519006       1.463406       -0.983059       
19.233333       -0.333047       -0.101239       0.782518       179.369735       1.307408       -1.001104       
19.266667       -0.328723       -0.097635       0.771289       179.757237       1.749630       -0.643396       
19.300000       -0.325838       -0.094440       0.763867       179.453861       1.601640       -0.535519       
19.333333       -0.322582       -0.091421       0.755713       178.904488       1.592827       -0.315923       
19.366667       -0.318136       -0.088003       0.745323       178.435984       1.356414       0.452111       
19.400000       -0.314119       -0.085465       0.737892       178.330558       1.182686       1.016568       
19.433333       -0.310851       -0.083860       0.732744       178.094443       1.393453       1.106349       
19.466667       -0.304930       -0.082405       0.725593       177.865923       2.157838       1.565087       
19.500000       -0.299588       -0.081228       0.720744       177.750830       2.394036       1.942210       
19.533333       -0.294301       -0.080245       0.715955       177.921692       3.029856       2.234361       
19.566667       -0.289253       -0.079430       0.713164       178.129338       2.936193       2.408943       
19.600000       -0.284484       -0.078823       0.708989       178.249603       3.407953       2.281100       
19.633333       -0.280134       -0.078559       0.704540       178.571900       4.211685       2.398735       
19.666667       -0.277086       -0.078904       0.702529       178.514259       3.825506       2.375264       
19.700000       -0.273430       -0.079212       0.698141       178.743971       4.289874       2.271415       
19.733333       -0.268935       -0.079363       0.690240       179.354474       5.523158       2.098685       
19.766667       -0.264908       -0.079962       0.682328       179.591149       6.001218       1.785040       
19.800000       -0.262312       -0.080600       0.676404       179.738181       6.221577       1.435214       
19.833333       -0.259237       -0.081085       0.668110       -179.998662       6.639713       1.249491       
19.866667       -0.257715       -0.081824       0.662908       -179.985447       6.236702       0.806613       
19.900000       -0.255710       -0.082094       0.655030       -179.673407       6.329303       0.732468       
19.933333       -0.253845       -0.082228       0.647040       -179.371527       6.481290       0.566803       
19.966667       -0.251720       -0.082260       0.638257       -179.264735       6.770051       0.448344       
20.000000       -0.249121       -0.081835       0.626555       -179.247788       6.941392       0.412942       
20.033333       -0.247248       -0.081512       0.617651       -179.243853       6.788218       0.354483       
20.066667       -0.244662       -0.080704       0.606805       -179.070596       7.391995       0.542678       
20.100000       -0.242475       -0.079739       0.597343       -179.117995       7.404029       0.645983       
20.133333       -0.240013       -0.078553       0.587237       -179.185933       7.820441       0.668763       
20.166667       -0.237755       -0.077063       0.577512       -179.164125       8.256930       0.886270       
20.200000       -0.235897       -0.075610       0.568980       -179.269504       8.228939       1.127970       
20.233333       -0.232879       -0.073091       0.556561       -179.599199       8.462618       1.343339       
20.266667       -0.229989       -0.070631       0.545181       179.827295       8.755747       1.525792       
20.300000       -0.227943       -0.068369       0.536554       179.360936       8.564642       1.586437       
20.333333       -0.225574       -0.066057       0.527796       178.971127       8.551650       1.656816       
20.366667       -0.223246       -0.063905       0.519621       178.809457       8.702145       1.730117       
20.400000       -0.220201       -0.061686       0.510294       178.525795       9.085769       1.833631       
20.433333       -0.216970       -0.059647       0.500538       178.010260       9.315299       1.905523       
20.466667       -0.214339       -0.058314       0.492929       177.928320       9.681664       1.933618       
20.500000       -0.211650       -0.057502       0.485978       177.717934       9.995053       1.941241       
20.533333       -0.208947       -0.056728       0.479334       177.465924       10.115412       1.930839       
20.566667       -0.206778       -0.056414       0.474155       177.111461       10.053767       1.723603       
20.600000       -0.204161       -0.056315       0.467968       176.887908       10.393802       1.619397       
20.633333       -0.200726       -0.056581       0.460410       176.888480       10.650320       1.600616       
20.666667       -0.197770       -0.057006       0.453653       176.947971       11.111604       1.676466       
20.700000       -0.194986       -0.057339       0.447384       177.019859       11.442556       1.667331       
20.733333       -0.192287       -0.057637       0.441175       177.135250       11.755117       1.669161       
20.766667       -0.190175       -0.058086       0.436224       176.949415       11.784724       1.436076       
20.800000       -0.187393       -0.058219       0.429545       177.000571       12.218214       1.345516       
20.833333       -0.185050       -0.058549       0.423751       176.807114       12.261461       1.163969       
20.866667       -0.182134       -0.058923       0.415866       176.671463       12.635530       0.895184       
20.900000       -0.179459       -0.058874       0.408389       176.873351       13.196277       0.746684       
21.333333       -0.183190       -0.066805       0.416729       178.450442       10.408694       0.611611       
21.366667       -0.186918       -0.071107       0.430754       179.806434       8.376263       0.897029       
21.400000       -0.191209       -0.074196       0.448960       -179.137941       6.366786       1.374505       
21.433333       -0.195680       -0.076667       0.469357       -178.122193       4.375973       1.732132       
21.466667       -0.200794       -0.078953       0.492532       -177.446943       1.740757       1.935068       
21.500000       -0.207726       -0.081712       0.524942       -176.174128       -1.039065       1.825667       
21.533333       -0.213704       -0.083693       0.553657       -175.493751       -3.097161       1.393045       
21.566667       -0.219890       -0.085618       0.582989       -175.122591       -5.502370       0.985700       
21.600000       -0.226604       -0.087759       0.614161       -176.240576       -9.922634       0.049108       
21.633333       -0.232842       -0.089055       0.643707       -175.711416       -11.561077       -0.285214       
21.666667       -0.239064       -0.090087       0.672770       -178.018061       -14.634142       -0.911367       
21.700000       -0.245441       -0.090675       0.701817       -179.753651       -16.997947       -1.432129       
21.733333       -0.253279       -0.090285       0.737455       176.455164       -17.184858       -1.737670       
21.766667       -0.260228       -0.089496       0.768723       174.525845       -16.261070       -1.637325       
21.800000       -0.267034       -0.088196       0.798613       172.933886       -15.647146       -1.659516       
21.833333       -0.272885       -0.086139       0.824513       171.582703       -14.949574       -1.474529       
21.866667       -0.278741       -0.083591       0.848687       170.941226       -14.477636       -1.447925       
21.900000       -0.285118       -0.081016       0.873151       170.168208       -13.166430       -1.540508       
21.933333       -0.292083       -0.078094       0.901399       169.122360       -12.003317       -1.295703       
21.966667       -0.297771       -0.076263       0.925171       168.796225       -11.280461       -0.742592       
22.000000       -0.303152       -0.074993       0.947022       169.249375       -9.317554       -0.103178       
22.033333       -0.307448       -0.074262       0.967495       -173.065898       -20.053872       0.757384       
22.066667       -0.311207       -0.075045       0.983612       174.517214       -14.618346       1.592188       
22.100000       -0.315774       -0.075990       1.003014       -170.418962       -22.409043       1.609620       
22.133333       -0.320424       -0.078915       1.026348       -165.718054       -26.658492       0.835303       
22.166667       -0.323874       -0.081898       1.044133       -164.101842       -28.126222       0.277096       
22.200000       -0.327011       -0.085449       1.060612       -163.139222       -27.860647       -0.452734       
22.233333       -0.329058       -0.088097       1.071450       -162.647169       -27.746891       -0.748657       
22.266667       -0.333677       -0.093810       1.094532       -162.471524       -26.870374       -0.993713       
22.300000       -0.338154       -0.099858       1.116016       -164.473554       -25.902608       -1.666626       
22.333333       -0.342148       -0.105886       1.134940       -164.787063       -25.143913       -2.220567       
22.366667       -0.346322       -0.114125       1.157188       -165.137566       -24.169776       -2.640359       
22.400000       -0.347859       -0.120539       1.169076       -161.256416       -22.628983       -2.776373       
22.433333       -0.350647       -0.126917       1.185133       -162.566712       -22.285971       -2.587648       
22.466667       -0.352933       -0.132480       1.199171       -163.046146       -21.489290       -2.178733       
22.500000       -0.355630       -0.138048       1.215080       -166.148130       -22.184291       -2.032933       
22.533333       -0.356471       -0.142465       1.225920       -165.662588       -21.891020       -2.130222       
22.566667       -0.358945       -0.147399       1.245112       -169.827273       -23.440521       -2.460497       
22.600000       -0.359951       -0.150017       1.257521       -167.982662       -22.421924       -2.780232       
22.633333       -0.360401       -0.151474       1.266712       -164.308846       -21.176920       -3.137145       
22.666667       -0.363541       -0.152210       1.279553       -165.068234       -21.552179       -3.482647       
22.700000       -0.365808       -0.151144       1.287084       -165.074329       -21.863762       -3.815890       
22.733333       -0.368889       -0.149364       1.294186       -165.604369       -21.825778       -4.025323       
22.800000       -0.373567       -0.144819       1.301343       -163.771035       -22.622226       -3.618833       
22.866667       -0.378286       -0.141532       1.317876       -164.859694       -22.326319       -1.866616       
22.900000       -0.378631       -0.139147       1.323830       -167.936090       -25.332406       -1.485362       
22.933333       -0.378714       -0.138683       1.333166       -178.771353       -18.780212       0.402936       
22.966667       -0.377929       -0.138915       1.343012       -172.627503       -22.152273       0.115782       
23.000000       -0.377387       -0.140281       1.354711       -171.365802       -22.378014       0.379715       
23.033333       -0.374459       -0.142485       1.361421       -169.194958       -23.496430       0.105696       
23.066667       -0.373048       -0.145345       1.368831       -168.240766       -21.969812       0.021996       
23.100000       -0.371524       -0.148378       1.376256       -176.509470       -19.346426       0.649062       
23.166667       -0.366668       -0.153017       1.379853       179.813473       -15.366401       -0.488919       
23.233333       -0.359259       -0.159582       1.386676       179.566014       -14.174524       -1.351322       
23.266667       -0.351834       -0.163319       1.385152       -179.425900       -16.785136       -2.230394       
23.300000       -0.346336       -0.166361       1.386542       -178.623495       -19.629554       -2.588450       
23.366667       -0.338902       -0.169761       1.389198       -173.604687       -18.596700       -2.891321       
23.400000       -0.332381       -0.171194       1.386943       -170.736047       -19.021380       -2.568949       
23.433333       -0.325766       -0.171849       1.384065       -171.842091       -21.858710       -2.292612       
23.500000       -0.321620       -0.172602       1.388635       -175.806880       -19.525302       -0.890418       
23.533333       -0.318375       -0.172371       1.386004       -178.871279       -15.879364       0.204495       
23.600000       -0.314928       -0.171640       1.380165       -178.701848       -15.983846       0.680221       
23.733333       -0.314905       -0.170107       1.373673       -176.434339       -10.429924       1.476696       
23.766667       -0.316057       -0.168614       1.366404       -176.071728       -7.786399       1.701467       
23.800000       -0.317242       -0.166945       1.359052       -177.071908       -4.769362       1.894476       
23.866667       -0.322941       -0.164476       1.351130       -177.155609       -3.052564       1.546738       
23.900000       -0.327846       -0.163121       1.348313       -176.972334       -3.352641       1.277343       
23.933333       -0.330734       -0.161132       1.341168       -178.474328       -0.520081       1.717971       
23.966667       -0.336092       -0.160368       1.343209       -177.602720       -3.965003       1.221962       
24.000000       -0.341189       -0.159331       1.345581       -175.464720       -7.594001       1.186055       
24.033333       -0.345197       -0.157918       1.341997       -176.881563       -6.596502       1.231632       
24.066667       -0.347719       -0.155564       1.327621       -177.374146       -1.448375       1.934948       
24.100000       -0.353447       -0.154957       1.328032       -178.540764       -1.872941       1.901972       
24.133333       -0.357163       -0.153598       1.322259       -178.048743       -1.761112       2.251632       
24.166667       -0.359493       -0.152131       1.311447       -178.303191       0.677221       2.648106       
24.200000       -0.364606       -0.151706       1.311088       -178.328608       -0.111142       2.459032       
24.233333       -0.371363       -0.152046       1.316138       -177.358677       -0.873432       2.496086       
24.266667       -0.374343       -0.151300       1.307198       -176.967589       1.371832       2.628745       
24.300000       -0.380952       -0.151658       1.305692       -177.984710       1.358595       2.123181       
24.333333       -0.386730       -0.151558       1.301730       -178.118248       2.240460       1.253814       
24.366667       -0.392115       -0.151304       1.297093       -177.496274       2.893807       0.831879       
24.400000       -0.397413       -0.150990       1.292111       -177.026956       3.793548       0.307225       
24.433333       -0.401836       -0.149824       1.282643       -176.731031       4.885651       -0.104156       
24.466667       -0.410396       -0.150226       1.285705       -176.872946       4.382436       -0.388393       
24.500000       -0.416480       -0.149902       1.280468       -176.360938       5.128236       -0.368383       
24.533333       -0.425628       -0.149990       1.277555       -176.457645       5.694820       -0.616186       
24.566667       -0.436044       -0.150765       1.282155       -176.622885       5.291182       -0.792969       
24.600000       -0.442637       -0.150879       1.278285       -175.881757       6.238680       -0.727867       
24.633333       -0.447899       -0.150847       1.270148       -175.294875       7.429036       -0.606685       
24.666667       -0.452413       -0.150557       1.260615       -174.789009       8.042509       -0.220852       
24.700000       -0.458951       -0.150916       1.256751       -174.663635       8.232074       -0.080543       
24.733333       -0.469328       -0.151118       1.254954       -174.757916       8.265170       -0.048036       
24.766667       -0.477599       -0.150764       1.251050       -174.700479       8.507627       0.713101       
24.800000       -0.489320       -0.151560       1.257346       -176.296865       8.012379       0.452262       
24.833333       -0.495172       -0.149382       1.247616       -176.239983       8.799153       0.781831       
24.866667       -0.501102       -0.147398       1.237176       -176.639325       9.388114       1.202528       
24.900000       -0.510874       -0.146341       1.236451       -176.959602       9.722155       1.180069       
24.933333       -0.519127       -0.144148       1.226577       -177.562588       10.193962       1.585786       
24.966667       -0.529416       -0.143489       1.226832       -177.490156       10.021799       1.514811       
