0.000000       -0.092938       -0.067856       0.478003       -179.444984       3.161842       -1.439860       
0.033333       -0.093034       -0.068181       0.477519       179.536312       2.926682       -1.757959       
0.066667       -0.093134       -0.068332       0.477767       -179.174425       3.807052       -1.492492       
0.100000       -0.093298       -0.068970       0.479819       -179.429249       3.204946       -1.484026       
0.133333       -0.093116       -0.069460       0.481381       -178.518304       4.080134       -1.261861       
0.166667       -0.093077       -0.070302       0.482719       -179.372329       3.530870       -1.092287       
0.200000       -0.093611       -0.071708       0.486541       179.786706       3.539688       -0.878039       
0.233333       -0.094243       -0.072260       0.488725       -179.575790       3.712647       -0.650503       
0.266667       -0.094866       -0.072459       0.489813       179.848138       3.829193       -0.435520       
0.300000       -0.095873       -0.072359       0.491816       -179.101747       4.013192       -0.292016       
0.333333       -0.096907       -0.071885       0.492916       -179.692343       4.123652       -0.269261       
0.366667       -0.098035       -0.071188       0.494261       -179.397535       3.771778       -0.262330       
0.400000       -0.099377       -0.070388       0.496082       -178.639945       4.283797       -0.271125       
0.433333       -0.101287       -0.069023       0.498208       -179.190517       3.914952       -0.428274       
0.466667       -0.102660       -0.068394       0.499268       -179.821010       3.676919       -0.675328       
0.500000       -0.103866       -0.067650       0.500108       -179.058627       3.627818       -0.344232       
0.533333       -0.104845       -0.067200       0.501493       -178.664787       3.654865       -0.245678       
0.566667       -0.105458       -0.066970       0.502115       -179.135961       3.614022       -0.120247       
0.600000       -0.106306       -0.066944       0.504211       -178.586359       3.481184       0.036451       
0.633333       -0.107183       -0.067207       0.506481       -179.071164       3.127602       -0.102928       
0.666667       -0.107799       -0.067275       0.508503       -179.207053       2.797317       -0.242894       
0.700000       -0.108704       -0.067554       0.511364       -178.696330       3.156845       -0.105343       
0.733333       -0.109582       -0.068138       0.514116       -178.834333       3.339158       -0.160560       
0.766667       -0.110979       -0.069166       0.519840       -178.556159       2.758931       -0.222671       
0.800000       -0.112381       -0.070321       0.525307       -178.488708       3.147243       -0.138295       
0.833333       -0.115465       -0.072338       0.535233       -178.890978       3.203926       -0.398583       
0.866667       -0.118864       -0.073957       0.543067       -179.352370       2.751404       -0.604874       
0.900000       -0.122638       -0.075280       0.551864       -178.631851       3.045539       -0.921922       
0.933333       -0.126739       -0.076650       0.560892       -178.004835       2.928342       -0.918676       
0.966667       -0.131137       -0.077784       0.570828       -177.892683       3.348255       -0.999618       
1.000000       -0.135449       -0.078814       0.581659       -178.246021       2.864572       -1.282710       
1.033333       -0.140022       -0.079438       0.593615       -177.612105       2.723795       -1.128148       
1.066667       -0.146595       -0.080072       0.613457       -177.343775       2.097311       -1.023854       
1.100000       -0.150414       -0.079965       0.625411       -176.519416       2.897049       -0.870154       
1.133333       -0.154315       -0.080276       0.641667       -176.403826       1.581793       -0.833479       
1.166667       -0.158606       -0.080741       0.658567       -175.920916       1.284995       -0.647644       
1.200000       -0.162168       -0.080579       0.670868       -175.574238       2.912857       -0.212080       
1.233333       -0.167163       -0.081503       0.689452       -175.798666       1.938372       -0.364825       
1.266667       -0.171908       -0.081843       0.705552       -175.264718       1.589543       -0.147768       
1.300000       -0.179687       -0.083480       0.733126       -176.134159       0.936870       -0.003971       
1.333333       -0.184800       -0.084627       0.750217       -176.533601       1.019481       0.011471       
1.366667       -0.189334       -0.085599       0.766520       -175.745204       1.136421       0.335127       
1.400000       -0.194388       -0.086814       0.784298       -175.129054       1.874361       0.556232       
1.433333       -0.199314       -0.088152       0.802903       -176.375545       1.907624       0.381185       
1.466667       -0.204885       -0.089539       0.823662       -176.593684       1.420720       0.303807       
1.500000       -0.211909       -0.091423       0.850918       -175.776396       2.542367       0.587478       
1.533333       -0.217299       -0.092967       0.869652       -175.785357       2.971033       0.953795       
1.566667       -0.222305       -0.094309       0.887718       -176.242302       3.496923       0.848735       
1.600000       -0.227716       -0.095377       0.905843       -176.378260       3.774449       0.677989       
1.633333       -0.232191       -0.095761       0.920498       -175.425984       5.189416       1.041906       
1.666667       -0.237985       -0.096708       0.940496       -176.023175       4.758445       0.813023       
1.700000       -0.247876       -0.098861       0.972814       -176.533024       4.097267       0.111668       
1.733333       -0.254382       -0.100393       0.994579       -176.342581       4.424231       -0.417841       
1.766667       -0.259842       -0.102779       1.015007       -177.778516       2.958502       -0.581039       
1.800000       -0.264377       -0.104104       1.028100       -177.470687       4.488452       -0.833994       
1.833333       -0.272234       -0.107500       1.055960       -177.065620       3.119855       -0.603159       
1.866667       -0.276302       -0.109018       1.069840       -175.422433       4.992248       0.211034       
1.900000       -0.281807       -0.111588       1.087531       -175.897483       6.076885       0.105949       
1.933333       -0.288658       -0.114744       1.112154       -176.355864       6.557967       1.006482       
1.966667       -0.295959       -0.117026       1.137327       -175.941030       6.131176       0.936969       
2.000000       -0.303059       -0.118607       1.161690       -176.737290       4.785567       1.241956       
2.033333       -0.307493       -0.119344       1.176772       -176.721397       5.699905       1.546688       
2.066667       -0.314034       -0.120481       1.199360       -176.280599       5.222398       2.633716       
2.100000       -0.317392       -0.119849       1.209575       -176.114737       6.569747       1.856238       
2.133333       -0.327426       -0.122137       1.244599       -176.252017       6.686074       2.100352       
2.166667       -0.330951       -0.122839       1.255263       -176.077108       8.021823       1.285403       
2.200000       -0.339555       -0.126354       1.287397       -176.786089       6.280617       0.648231       
2.233333       -0.344180       -0.128394       1.302743       -176.513296       7.973351       0.577628       
2.266667       -0.351752       -0.132514       1.331645       -176.157821       4.703190       0.504509       
2.300000       -0.356087       -0.136327       1.349378       -176.960811       5.479970       0.293178       
2.333333       -0.363180       -0.142053       1.377784       -178.137327       3.645574       0.883041       
2.366667       -0.366838       -0.144657       1.392221       -176.809830       5.824998       1.139857       
2.400000       -0.373430       -0.148943       1.418825       -175.249477       4.303977       2.107456       
2.433333       -0.378056       -0.152340       1.437834       -176.407904       5.325097       2.425949       
2.466667       -0.379896       -0.153824       1.446232       -176.592149       7.308008       2.429429       
2.500000       -0.385707       -0.156930       1.465969       -176.431743       7.793284       1.676423       
2.533333       -0.391153       -0.160742       1.488372       -175.893379       5.604497       1.172079       
2.566667       -0.396021       -0.164179       1.505160       -174.177977       6.906676       1.328657       
2.600000       -0.406159       -0.169229       1.541409       -175.828700       4.173957       0.179994       
2.666667       -0.418553       -0.178036       1.589929       -175.539851       6.147548       -0.221038       
2.700000       -0.417771       -0.180130       1.589349       -174.695504       7.130236       -0.120975       
11.866667       -0.461633       -0.143517       1.386192       179.382655       1.333795       -0.033301       
11.933333       -0.456602       -0.140310       1.356539       -179.947942       2.318075       0.920165       
11.966667       -0.453583       -0.139520       1.341323       179.259607       2.006310       -0.155469       
12.033333       -0.449928       -0.138751       1.318183       -178.363365       2.940746       0.728105       
12.066667       -0.447624       -0.138555       1.307122       179.502673       1.548547       0.377598       
12.100000       -0.450935       -0.139615       1.310273       -179.352445       0.893049       1.816589       
12.133333       -0.447479       -0.139275       1.291572       -179.803188       1.688519       2.133165       
12.166667       -0.448156       -0.140870       1.284546       179.787161       0.512680       1.740097       
12.200000       -0.452221       -0.143118       1.286704       179.095136       0.198524       2.479097       
12.233333       -0.455747       -0.146178       1.283653       -179.758954       -0.362643       3.139708       
12.266667       -0.460670       -0.148502       1.289709       -179.614537       -0.422920       2.925829       
12.300000       -0.461377       -0.148775       1.283999       -179.972967       -0.587014       3.092878       
12.333333       -0.462030       -0.148075       1.279242       -179.839293       -0.694206       2.850017       
12.366667       -0.466496       -0.147935       1.285605       -179.151276       -1.368990       2.566376       
12.400000       -0.467869       -0.146110       1.284866       -179.717982       -0.506270       2.147991       
12.433333       -0.466896       -0.143182       1.279140       -179.953027       1.601768       1.594353       
12.466667       -0.469134       -0.138820       1.282550       178.909497       -0.092415       0.184982       
12.500000       -0.466084       -0.134625       1.273167       179.833554       2.422730       -0.021952       
12.533333       -0.470754       -0.133424       1.286755       178.503577       -1.261065       -0.179153       
12.566667       -0.468712       -0.130639       1.282126       178.543584       0.652221       -0.226331       
12.600000       -0.468188       -0.128726       1.279185       179.912305       1.743205       0.574481       
12.633333       -0.469806       -0.127864       1.284231       177.677614       0.540166       -0.016478       
12.666667       -0.469108       -0.127480       1.282322       178.446794       0.601786       0.249355       
12.700000       -0.467868       -0.126813       1.277370       178.715319       1.831682       0.589809       
12.733333       -0.467949       -0.126737       1.276584       178.767365       2.036439       0.113237       
12.766667       -0.469715       -0.127988       1.280040       177.992859       -0.405720       0.629426       
12.800000       -0.465916       -0.127932       1.267496       179.587831       2.401232       0.659143       
12.833333       -0.470084       -0.131595       1.277017       177.341111       -1.364101       0.487561       
12.866667       -0.466910       -0.132480       1.268720       177.833612       0.220315       0.732629       
12.900000       -0.468878       -0.137655       1.276404       178.738314       -0.043698       0.896282       
12.933333       -0.467749       -0.139838       1.277227       178.926654       -0.257896       1.415044       
12.966667       -0.468005       -0.143376       1.282294       179.253763       -0.098856       1.734374       
13.000000       -0.464829       -0.146407       1.279897       -179.414480       0.846378       2.026640       
13.033333       -0.462372       -0.149457       1.279017       -179.355739       1.069648       2.051113       
13.066667       -0.462798       -0.151811       1.285723       -179.247499       0.781195       2.310872       
13.100000       -0.454823       -0.151142       1.269961       -178.949224       2.026640       2.176691       
13.166667       -0.454920       -0.151278       1.280432       -178.903008       2.309579       1.720553       
13.200000       -0.456673       -0.151004       1.290188       -179.869232       0.538776       0.564170       
13.233333       -0.457033       -0.150663       1.294971       179.644634       -0.817442       -0.344954       
13.266667       -0.453909       -0.147948       1.288674       -179.784517       1.006853       -0.392665       
13.300000       -0.448266       -0.145085       1.274582       -179.596367       3.692503       0.172184       
13.333333       -0.456657       -0.145457       1.296679       -179.423619       -0.149386       -0.275327       
13.366667       -0.454248       -0.143095       1.286123       178.451579       1.720198       -0.810455       
13.400000       -0.456570       -0.141953       1.285091       178.373520       -0.124520       -0.028072       
13.433333       -0.461676       -0.142789       1.290677       178.275417       -0.205568       -0.298803       
13.466667       -0.460349       -0.140795       1.277190       179.148619       1.957892       0.692359       
13.500000       -0.461648       -0.140211       1.269714       178.542954       2.696175       1.461441       
13.533333       -0.467054       -0.140341       1.271746       177.525219       1.171755       1.574776       
13.633333       -0.478405       -0.145283       1.283732       177.990288       -0.301068       1.873384       
13.666667       -0.483902       -0.147995       1.295008       178.440807       -0.831531       1.825842       
18.233333       -0.523492       -0.167573       1.346478       -175.438736       3.760916       0.084830       
18.266667       -0.504179       -0.161111       1.288341       -176.854812       3.465621       0.052176       
18.300000       -0.494290       -0.157600       1.257559       -175.588863       4.273275       0.193430       
18.333333       -0.483569       -0.154779       1.226801       -175.853707       3.037834       0.998244       
18.400000       -0.466882       -0.151321       1.182305       -176.939679       2.829508       2.122628       
18.433333       -0.455884       -0.149666       1.154415       -177.123468       2.866470       2.061301       
18.466667       -0.438932       -0.145400       1.112155       -176.710508       4.449725       2.684079       
18.500000       -0.431423       -0.143738       1.094684       -177.720947       4.467389       2.638567       
18.533333       -0.423223       -0.141889       1.075023       -177.644435       4.424514       2.413007       
18.566667       -0.417728       -0.140323       1.061920       -178.526874       3.209015       2.406111       
18.600000       -0.411331       -0.138366       1.047178       -178.521786       3.113592       2.374112       
18.633333       -0.402774       -0.134674       1.025698       -178.429599       4.298232       2.544433       
18.666667       -0.392660       -0.130831       1.001657       -178.992164       5.758126       2.087902       
18.700000       -0.384268       -0.126873       0.981776       -179.186038       4.832215       1.943483       
18.733333       -0.377513       -0.124069       0.965205       -179.468634       5.203384       2.157445       
18.766667       -0.374287       -0.122472       0.955692       179.874886       3.952900       1.443886       
18.800000       -0.368901       -0.119828       0.933772       179.763674       5.218078       2.102111       
18.833333       -0.365606       -0.118239       0.917297       -179.964990       4.791369       1.666183       
18.866667       -0.364371       -0.118089       0.906931       178.864722       3.651999       0.613967       
18.900000       -0.361056       -0.117367       0.891143       -179.759872       4.369935       0.883050       
18.933333       -0.358712       -0.117029       0.872786       -179.855866       3.594853       0.219890       
18.966667       -0.357694       -0.117133       0.863427       179.071197       2.193083       -0.519664       
19.000000       -0.355212       -0.116341       0.851452       179.067760       2.297910       -0.670802       
19.033333       -0.352611       -0.115480       0.841711       178.904042       1.360737       -0.829626       
19.066667       -0.349635       -0.114178       0.831563       179.620414       1.981571       -0.938040       
19.100000       -0.346235       -0.112189       0.821341       -179.870509       2.184091       -1.035307       
19.133333       -0.340382       -0.108337       0.804613       -179.623879       2.418536       -0.703074       
19.166667       -0.337913       -0.105729       0.797354       179.772408       1.511889       -0.968112       
19.200000       -0.334573       -0.102801       0.788268       179.289850       1.269763       -1.001822       
19.233333       -0.331554       -0.099595       0.780198       179.293056       1.225640       -0.994955       
19.266667       -0.326560       -0.095716       0.767436       -179.993542       2.028010       -0.409716       
19.300000       -0.324575       -0.092799       0.762368       179.281599       1.521731       -0.457217       
19.333333       -0.321117       -0.089912       0.753798       178.587107       1.598791       -0.172039       
19.366667       -0.315979       -0.086279       0.742094       178.171084       1.227202       0.924566       
19.400000       -0.312254       -0.084299       0.736495       178.289164       1.090607       1.358045       
19.433333       -0.309468       -0.083273       0.732745       177.975961       1.533985       1.156041       
19.466667       -0.301973       -0.081918       0.724389       177.756827       2.629965       1.835425       
19.500000       -0.297027       -0.080917       0.720944       177.709519       2.539881       2.160103       
19.533333       -0.291815       -0.080056       0.716188       178.054002       3.413127       2.399031       
19.566667       -0.286951       -0.079345       0.714596       178.279860       2.874193       2.498793       
19.600000       -0.282387       -0.078865       0.709565       178.344684       3.687838       2.188268       
19.633333       -0.278325       -0.078805       0.704941       178.788396       4.686546       2.457194       
19.666667       -0.276089       -0.079514       0.704391       178.497772       3.576557       2.345548       
19.700000       -0.272084       -0.079789       0.698542       178.900182       4.557240       2.194607       
19.733333       -0.267105       -0.079837       0.688521       179.736420       6.250433       1.987334       
19.766667       -0.263390       -0.080697       0.680629       179.741890       6.261290       1.585033       
19.800000       -0.261679       -0.081347       0.675931       179.833175       6.322058       1.216025       
19.833333       -0.258327       -0.081727       0.666217       -179.835249       6.857615       1.133226       
19.866667       -0.257754       -0.082609       0.662906       -179.972839       5.956546       0.536772       
19.900000       -0.255458       -0.082584       0.653418       -179.482750       6.352013       0.688919       
19.933333       -0.253682       -0.082629       0.645387       -179.190166       6.539600       0.468928       
19.966667       -0.251403       -0.082592       0.636154       -179.203790       6.909380       0.380331       
20.000000       -0.248524       -0.081887       0.622729       -179.241695       7.007636       0.395822       
20.033333       -0.247096       -0.081625       0.615572       -179.245555       6.658079       0.323767       
20.066667       -0.244084       -0.080523       0.603591       -178.969449       7.719442       0.661799       
20.100000       -0.242147       -0.079467       0.595015       -179.152371       7.370116       0.711113       
20.133333       -0.239525       -0.078152       0.584559       -179.232061       8.030487       0.684148       
20.166667       -0.237398       -0.076485       0.575106       -179.154846       8.475604       1.018963       
20.200000       -0.235786       -0.075064       0.567331       -179.337890       8.164688       1.272943       
20.233333       -0.232071       -0.071912       0.552601       -179.801169       8.557341       1.469662       
20.266667       -0.229272       -0.069507       0.541909       179.481739       8.885088       1.629792       
20.300000       -0.227745       -0.067383       0.534994       179.085325       8.399678       1.617688       
20.333333       -0.225185       -0.065056       0.526182       178.746034       8.496460       1.692840       
20.366667       -0.222889       -0.063018       0.518384       178.725347       8.746021       1.767090       
20.400000       -0.219417       -0.060771       0.508383       178.369714       9.269417       1.887721       
20.433333       -0.216088       -0.058856       0.498402       177.716967       9.403253       1.939905       
20.466667       -0.213832       -0.057961       0.492118       177.900767       9.850093       1.941794       
20.500000       -0.211116       -0.057469       0.485577       177.613399       10.128786       1.936830       
20.533333       -0.208414       -0.056717       0.479125       177.338072       10.130680       1.916084       
20.566667       -0.206575       -0.056681       0.474830       176.924433       9.958769       1.591312       
20.600000       -0.203692       -0.056707       0.468026       176.782164       10.542468       1.550573       
20.633333       -0.199771       -0.057186       0.459642       176.919681       10.746391       1.584994       
20.666667       -0.197119       -0.057697       0.453380       177.014464       11.329329       1.718450       
20.700000       -0.194450       -0.057964       0.447409       177.092398       11.578235       1.657398       
20.733333       -0.191811       -0.058230       0.441235       177.232822       11.877470       1.666084       
20.766667       -0.190060       -0.058761       0.437040       176.864207       11.734482       1.291538       
20.800000       -0.186877       -0.058693       0.429308       177.059178       12.412284       1.289351       
20.833333       -0.184805       -0.059133       0.424051       176.717894       12.217115       1.053945       
20.866667       -0.181549       -0.059523       0.414903       176.617864       12.791126       0.734181       
20.900000       -0.179030       -0.059210       0.407687       177.024347       13.462316       0.662091       
21.333333       -0.186621       -0.071939       0.425557       179.424691       8.665730       0.496574       
21.366667       -0.190293       -0.073972       0.442860       -179.375335       7.106354       1.049154       
21.400000       -0.194867       -0.076285       0.463383       -178.516059       5.129245       1.645155       
21.433333       -0.199387       -0.078350       0.484863       -177.531865       3.170288       1.927917       
21.466667       -0.204827       -0.080496       0.509456       -177.069096       0.168175       2.038091       
21.500000       -0.212788       -0.083515       0.547149       -175.435958       -2.672108       1.725730       
21.533333       -0.218108       -0.084998       0.573277       -175.118333       -4.268541       1.117913       
21.566667       -0.224348       -0.086869       0.602660       -174.939167       -6.865851       0.735387       
21.600000       -0.231306       -0.089119       0.634617       -176.942839       -12.498955       -0.470490       
21.633333       -0.237182       -0.089885       0.662849       -175.428361       -12.398021       -0.476727       
21.666667       -0.243321       -0.090744       0.691311       -179.453622       -16.345788       -1.213498       
21.700000       -0.249723       -0.091054       0.720044       179.178375       -18.243950       -1.692513       
21.733333       -0.258371       -0.090069       0.759351       174.171640       -17.109646       -1.901664       
21.766667       -0.264701       -0.089044       0.787631       173.404065       -15.494519       -1.576609       
21.800000       -0.271349       -0.087444       0.816382       172.028986       -15.079353       -1.668087       
21.833333       -0.276554       -0.084943       0.839591       170.838400       -14.337794       -1.359852       
21.866667       -0.282352       -0.082119       0.862479       170.632323       -14.011793       -1.424442       
21.900000       -0.288985       -0.079553       0.886893       169.786398       -12.206132       -1.595075       
21.933333       -0.296240       -0.076445       0.917194       168.586995       -11.145510       -1.149716       
21.966667       -0.301091       -0.075298       0.938014       168.701722       -10.701640       -0.404694       
22.000000       -0.306234       -0.074381       0.958499       169.635311       -8.010011       0.293033       
22.033333       -0.309826       -0.073985       0.977953       -161.979593       -26.999438       -0.490029       
22.066667       -0.313222       -0.075684       0.991280       167.467976       -11.254832       1.497934       
22.100000       -0.318244       -0.076716       1.012532       -161.315447       -27.365532       0.573684       
22.133333       -0.322902       -0.080819       1.038077       -163.013085       -29.040471       0.208544       
22.166667       -0.325590       -0.083807       1.052330       -163.283042       -28.727379       -0.036497       
22.200000       -0.328511       -0.087668       1.067890       -162.733742       -27.401272       -0.834465       
22.233333       -0.329877       -0.089737       1.075214       -162.524785       -27.389498       -0.865051       
22.266667       -0.336030       -0.097267       1.105603       -162.543671       -26.064476       -1.078590       
22.300000       -0.340384       -0.103461       1.125945       -165.861118       -25.081479       -2.034710       
22.333333       -0.344051       -0.109417       1.143166       -165.134015       -24.442912       -2.494598       
22.366667       -0.348301       -0.118930       1.167280       -165.501138       -23.352666       -2.832701       
22.400000       -0.348220       -0.124166       1.172767       -159.105938       -21.509930       -2.733059       
22.433333       -0.351754       -0.130464       1.191273       -163.530031       -21.879163       -2.412743       
22.466667       -0.353720       -0.135478       1.203995       -163.489798       -20.815426       -1.876506       
22.500000       -0.356651       -0.141001       1.220952       -168.188263       -22.431057       -1.875674       
22.533333       -0.356359       -0.144676       1.228645       -165.491773       -21.527184       -2.135704       
22.566667       -0.359818       -0.149885       1.252818       -172.496885       -24.237380       -2.559886       
22.600000       -0.359925       -0.151068       1.261020       -166.969871       -21.618201       -2.902152       
22.633333       -0.360043       -0.151810       1.268217       -162.232721       -20.263516       -3.251819       
22.666667       -0.364806       -0.152106       1.283230       -165.659185       -21.617964       -3.628700       
22.700000       -0.366528       -0.149958       1.287505       -165.201647       -21.886875       -3.952944       
22.733333       -0.370087       -0.147767       1.294343       -166.046416       -21.639526       -4.087037       
22.800000       -0.375706       -0.141584       1.301530       -162.785392       -22.952315       -3.316084       
22.866667       -0.380414       -0.139108       1.323702       -165.638808       -21.967708       -0.758586       
22.900000       -0.378092       -0.137304       1.323194       -169.972049       -26.997558       -1.123922       
22.933333       -0.378027       -0.138027       1.334576       174.921341       -14.749039       0.893505       
22.966667       -0.376730       -0.138688       1.344706       -168.893780       -24.126229       -0.238821       
23.000000       -0.376354       -0.140741       1.357492       -170.648025       -22.364620       0.549376       
23.033333       -0.372008       -0.143442       1.361155       -167.932780       -24.018779       -0.067997       
23.066667       -0.371549       -0.146680       1.368990       -167.743403       -20.892618       0.000577       
23.100000       -0.369982       -0.149796       1.376422       178.501117       -17.701857       0.831355       
23.166667       -0.363146       -0.155378       1.377712       177.609858       -12.928702       -1.298163       
23.233333       -0.354258       -0.163064       1.386511       179.449424       -13.386693       -1.863015       
23.266667       -0.346905       -0.165042       1.379967       -178.751886       -18.297837       -2.773651       
23.300000       -0.342648       -0.167638       1.383196       -178.095634       -21.264634       -2.803678       
23.366667       -0.334109       -0.171232       1.386668       -170.595327       -17.889494       -2.995764       
23.400000       -0.328215       -0.171456       1.381499       -169.044107       -19.198229       -2.346800       
23.433333       -0.321613       -0.171640       1.378335       -172.586605       -23.474673       -2.060256       
23.500000       -0.319021       -0.172455       1.387482       -178.180075       -17.978213       -0.118183       
23.533333       -0.316359       -0.171634       1.380535       179.345471       -13.582736       0.764971       
23.600000       -0.312824       -0.170615       1.372855       -178.571633       -15.982011       0.965621       
23.733333       -0.314897       -0.168615       1.366090       -175.033735       -7.069408       2.058290       
23.766667       -0.316756       -0.167171       1.358477       -175.848711       -6.190177       1.833440       
23.800000       -0.317949       -0.165420       1.351206       -177.669269       -2.972835       1.972505       
23.866667       -0.326352       -0.162495       1.343068       -177.202507       -2.067137       1.321730       
23.900000       -0.330725       -0.161841       1.343456       -176.851270       -3.596075       1.103050       
23.933333       -0.332352       -0.159493       1.333786       -179.361897       1.129506       1.941298       
23.966667       -0.339169       -0.159493       1.341476       -177.041010       -6.124327       0.884286       
24.000000       -0.344058       -0.158306       1.344075       -174.159874       -9.837295       1.089859       
24.033333       -0.347364       -0.156683       1.336931       -177.739229       -6.011075       1.239725       
24.066667       -0.348958       -0.153783       1.316143       -177.638997       1.625398       2.333132       
24.100000       -0.356594       -0.154256       1.325642       -179.231244       -2.203668       1.873469       
24.133333       -0.359048       -0.152457       1.316185       -177.731096       -1.764380       2.449199       
24.166667       -0.360512       -0.150943       1.302440       -178.433524       2.076258       2.866981       
24.200000       -0.367284       -0.151164       1.308521       -178.324320       -0.677770       2.325721       
24.233333       -0.374987       -0.151975       1.316866       -176.756770       -1.415084       2.493605       
24.266667       -0.375633       -0.150575       1.299496       -176.722395       2.649011       2.698400       
24.300000       -0.384406       -0.151609       1.302590       -178.592030       1.251330       1.801070       
24.333333       -0.389628       -0.151235       1.297200       -178.189855       2.677109       0.716554       
24.366667       -0.394728       -0.150893       1.292231       -177.107288       3.188926       0.576346       
24.400000       -0.399931       -0.150551       1.287121       -176.737158       4.231983       -0.006154       
24.433333       -0.403786       -0.148878       1.275036       -176.549648       5.431536       -0.345236       
24.466667       -0.414805       -0.150240       1.285761       -176.952972       3.957880       -0.550317       
24.500000       -0.419327       -0.149478       1.275531       -176.046851       5.462330       -0.342885       
24.533333       -0.430271       -0.149822       1.274096       -176.516153       5.915269       -0.755521       
24.566667       -0.441374       -0.151013       1.283274       -176.719831       4.924275       -0.885855       
24.600000       -0.445579       -0.150724       1.274288       -175.431074       6.690707       -0.669629       
24.633333       -0.449992       -0.150607       1.263649       -174.943537       8.019525       -0.516192       
24.666667       -0.454022       -0.150166       1.253382       -174.491948       8.274537       0.023559       
24.700000       -0.461752       -0.150923       1.253048       -174.602270       8.206322       0.009560       
24.733333       -0.474392       -0.151029       1.252556       -174.829992       8.145842       -0.024250       
24.766667       -0.481315       -0.150343       1.247422       -174.680081       8.516285       1.174771       
24.800000       -0.495051       -0.151837       1.259916       -177.271777       7.575328       0.301477       
24.833333       -0.497276       -0.147865       1.240501       -176.203655       9.142393       0.981130       
24.866667       -0.503220       -0.146022       1.229749       -176.879276       9.608094       1.451647       
24.900000       -0.515268       -0.145546       1.234992       -177.149649       9.783227       1.159541       
24.933333       -0.522536       -0.142681       1.219637       -177.919312       10.339213       1.822826       
24.966667       -0.533995       -0.142971       1.226100       -177.435032       9.774838       1.462587       
